>GAGTTCATGTCT	24-AGACATGAACTC	10.408616	-48.371761	0	T:36.0(0.14%),B:4.4(0.02%),P:1e-21
0.076	0.048	0.828	0.048
0.799	0.039	0.057	0.105
0.049	0.029	0.845	0.077
0.051	0.068	0.029	0.852
0.019	0.039	0.029	0.913
0.057	0.755	0.121	0.067
0.860	0.051	0.051	0.038
0.048	0.019	0.068	0.865
0.058	0.068	0.788	0.086
0.086	0.057	0.067	0.790
0.010	0.866	0.067	0.057
0.101	0.029	0.010	0.860
