>AGACCGGAAGTG	10-AGACCGGAAGTG	7.426988	-238.164897	0	T:2021.0(7.87%),B:1167.8(4.74%),P:1e-103
0.662	0.131	0.136	0.071
0.140	0.104	0.727	0.029
0.563	0.166	0.248	0.023
0.029	0.832	0.128	0.011
0.095	0.821	0.059	0.025
0.029	0.014	0.943	0.014
0.009	0.013	0.974	0.004
0.914	0.053	0.022	0.011
0.948	0.007	0.025	0.020
0.032	0.016	0.945	0.007
0.064	0.122	0.047	0.767
0.023	0.023	0.909	0.045
