>CACTAGGTGGCA	6-CACTAGGTGGCA	10.431544	-533.275249	0	T:318.0(1.24%),B:23.7(0.10%),P:1e-231
0.035	0.907	0.035	0.023
0.821	0.068	0.076	0.035
0.102	0.769	0.065	0.064
0.121	0.120	0.046	0.713
0.803	0.040	0.110	0.047
0.058	0.024	0.906	0.012
0.060	0.041	0.864	0.035
0.052	0.081	0.102	0.765
0.053	0.017	0.884	0.046
0.057	0.041	0.856	0.046
0.052	0.890	0.029	0.029
0.837	0.041	0.081	0.041
