>TATTTGGCAAAC	23-TATTTGGCAAAC	9.142988	-77.960356	0	T:53.0(0.21%),B:5.7(0.02%),P:1e-33
0.158	0.152	0.132	0.558
0.530	0.138	0.140	0.192
0.021	0.164	0.132	0.683
0.067	0.138	0.102	0.693
0.120	0.010	0.018	0.852
0.122	0.014	0.680	0.184
0.128	0.131	0.628	0.113
0.151	0.619	0.127	0.103
0.790	0.092	0.002	0.116
0.692	0.098	0.143	0.067
0.581	0.115	0.175	0.129
0.143	0.510	0.229	0.118
