>TGGCGGGAAARA	2-TGGCGGGAAARA	5.824116	-1065.982906	0	T:6697.0(26.08%),B:3684.4(14.96%),P:1e-462
0.136	0.261	0.149	0.454
0.147	0.210	0.574	0.069
0.033	0.111	0.794	0.062
0.088	0.875	0.014	0.023
0.003	0.048	0.948	0.001
0.029	0.050	0.901	0.020
0.046	0.068	0.844	0.042
0.945	0.012	0.009	0.034
0.894	0.061	0.020	0.025
0.765	0.079	0.058	0.098
0.389	0.140	0.354	0.116
0.406	0.170	0.250	0.174
