>GTTTACTTTGGA	18-GTTTACTTTGGA	10.280861	-120.679090	0	T:65.0(0.25%),B:4.1(0.02%),P:1e-52
0.078	0.043	0.803	0.076
0.049	0.035	0.042	0.874
0.042	0.021	0.070	0.867
0.042	0.021	0.051	0.886
0.794	0.085	0.071	0.050
0.135	0.773	0.028	0.064
0.078	0.070	0.028	0.824
0.043	0.042	0.056	0.859
0.028	0.028	0.028	0.916
0.057	0.043	0.815	0.085
0.043	0.071	0.822	0.064
0.787	0.113	0.036	0.064
