>GTTGCCATGGCA	12-GTTGCCATGGCA	6.976780	-204.153716	0	T:1226.0(4.77%),B:632.9(2.57%),P:1e-88
0.010	0.008	0.960	0.022
0.007	0.084	0.049	0.860
0.018	0.048	0.019	0.915
0.041	0.048	0.885	0.026
0.011	0.922	0.002	0.065
0.011	0.612	0.016	0.361
0.920	0.020	0.031	0.029
0.040	0.031	0.050	0.879
0.075	0.006	0.912	0.007
0.087	0.010	0.888	0.015
0.089	0.721	0.126	0.064
0.781	0.014	0.179	0.026
