>TGGCAGVCTGCC	15-TGGCAGVCTGCC	8.756197	-139.878531	0	T:926.0(3.61%),B:493.9(2.01%),P:1e-60
0.099	0.050	0.076	0.775
0.016	0.008	0.951	0.025
0.017	0.098	0.868	0.017
0.027	0.938	0.019	0.016
0.693	0.092	0.103	0.112
0.142	0.164	0.676	0.018
0.261	0.373	0.293	0.073
0.123	0.710	0.056	0.111
0.253	0.098	0.103	0.546
0.014	0.111	0.695	0.180
0.033	0.869	0.077	0.021
0.050	0.856	0.069	0.025
