>GCGCCAAATCTC	22-GCGCCAAATCTC	10.561488	-86.008433	0	T:78.0(0.30%),B:11.1(0.05%),P:1e-37
0.001	0.074	0.924	0.001
0.124	0.839	0.012	0.025
0.002	0.012	0.972	0.014
0.001	0.900	0.087	0.012
0.062	0.876	0.012	0.050
0.936	0.050	0.012	0.002
0.799	0.050	0.100	0.051
0.681	0.101	0.092	0.126
0.075	0.089	0.154	0.682
0.001	0.787	0.099	0.113
0.064	0.138	0.064	0.734
0.012	0.910	0.039	0.039
