>GCMAAACYKGTT	9-GCMAAACYKGTT	7.107777	-238.892769	0	T:1316.0(5.12%),B:658.4(2.67%),P:1e-103
0.077	0.051	0.809	0.063
0.139	0.710	0.080	0.071
0.459	0.483	0.030	0.027
0.803	0.063	0.087	0.047
0.815	0.046	0.098	0.041
0.756	0.066	0.131	0.047
0.045	0.842	0.058	0.055
0.069	0.455	0.015	0.461
0.211	0.011	0.337	0.442
0.037	0.050	0.835	0.078
0.046	0.138	0.048	0.768
0.043	0.093	0.049	0.815
