>CGCCCGCCAAAT	20-CGCCCGCCAAAT	11.491281	-97.186167	0	T:61.0(0.24%),B:5.0(0.02%),P:1e-42
0.097	0.845	0.033	0.025
0.050	0.075	0.589	0.286
0.066	0.900	0.033	0.001
0.001	0.923	0.034	0.042
0.058	0.909	0.008	0.025
0.033	0.001	0.662	0.304
0.001	0.933	0.058	0.008
0.043	0.924	0.025	0.008
0.834	0.026	0.066	0.074
0.941	0.017	0.025	0.017
0.749	0.083	0.109	0.059
0.282	0.075	0.098	0.545
